0.69523
0.461519
0.461313
0.460797
0.459162
0.453709
0.437772
0.407902
0.375431
0.348563
0.331065
0.318091
0.306381
0.294807
0.282708
0.271
0.261061
0.253209
0.246916
0.241672
0.237255
0.23353
0.230302
0.227355
0.224543
0.221815
0.219186
0.216689
0.214343
0.212144
0.21007
0.2081
0.206222
0.204441
0.202778
0.201255
0.199894
0.198707
0.197693
0.196844
0.196139
0.195557
0.195074
0.194668
0.194323
0.194023
0.193757
0.193516
0.193295
0.19309
0.192897
0.192714
0.192541
0.192376
0.192218
0.192068
0.191924
0.191788
0.191657
0.191532
0.191414
0.191301
0.191193
0.191091
0.190993
0.190901
0.190813
0.190729
0.190649
0.190574
0.190502
0.190434
0.190369
0.190307
0.190248
0.190192
0.190139
0.190089
0.190041
0.189995
0.189951
0.18991
0.18987
0.189833
0.189797
0.189763
0.18973
0.189699
0.189669
0.18964
0.189613
0.189587
0.189562
0.189538
0.189515
0.189494
0.189473
0.189452
0.189433
0.189414
