0.101229
0.101229
0.101229
0.101229
0.101229
0.101229
0.141773
0.344494
0.538321
0.650275
0.703636
0.71933
0.730317
0.756736
0.802511
0.840178
0.869736
0.88543
0.897201
0.904002
0.905833
0.90871
0.91368
0.918389
0.922051
0.924405
0.928067
0.929636
0.930944
0.931729
0.931991
0.93356
0.935129
0.935391
0.935391
0.935653
0.935129
0.934868
0.933822
0.93356
0.932775
0.932775
0.933037
0.933298
0.933822
0.93356
0.932775
0.932252
0.932252
0.932252
0.933037
0.933298
0.933298
0.93356
0.93356
0.933822
0.93356
0.933037
0.933037
0.933037
0.932775
0.933037
0.933298
0.933298
0.933298
0.933037
0.932775
0.932775
0.931991
0.932252
0.932514
0.932514
0.931991
0.932514
0.932514
0.932775
0.933037
0.932514
0.932252
0.932514
0.932514
0.932775
0.932514
0.932252
0.931991
0.931991
0.931991
0.932252
0.931991
0.931991
0.931991
0.931991
0.931991
0.931729
0.931729
0.931729
0.931991
0.931467
0.931467
0.931467
